<?xml version="1.0" encoding="UTF-8" standalone="no" ?>
<SimscapeMultibodyImportXML version="2.0" xmlns="urn:mathworks:SimscapeMultibody:import" xmlns:xsi="http://www.w3.org/2001/XMLSchema-instance">
<Created by="" on="10/03/22||10:24:48" using="Simscape Multibody Link Version 7.4" from="SolidWorks 29.3.0"/>
<ModelUnits mass="kilogram" length="inch"/>
<DataUnits mass="kilogram" length="meter"/>
<RootAssembly name="SimMechanics Assembly" uid="SimMechanics Assembly" version="1184">
<AssemblyFile name="SimMechanics Assembly.SLDASM" type="SolidWorks Assembly"/>
<InstanceTree>
<Instance name="Suspension_Mount(For Sim)-5" uid="Suspension_Mount(For Sim)-5" grounded="true" entityUid="Suspension_Mount(For Sim)*:*Default">
<Transform>
<Rotation>0 0 -1 0 1 0 1 0 0</Rotation>
<Translation>0.25716195378336437 0.21335999999999999 0.92709999999999992</Translation>
</Transform>
</Instance>
<Instance name="Suspension_Mount(For Sim)-10" uid="Suspension_Mount(For Sim)-10" grounded="true" entityUid="Suspension_Mount(For Sim)*:*Default">
<Transform>
<Rotation>1.2065001775418696e-14 7.0308342481340015e-15 -1 -7.0308342481340007e-15 1 7.0308342481339163e-15 1 7.0308342481339155e-15 1.2065001775418745e-14</Rotation>
<Translation>0.25716195378336404 0.20066000000000078 -0.43180000000000007</Translation>
</Transform>
</Instance>
<Instance name="Front Bellcrank mount (for sim)-1" uid="Front Bellcrank mount (for sim)-1" entityUid="Front Bellcrank mount (for sim)*:*Default">
<Transform>
<Rotation>0 1 0 -1 0 0 0 0 0.99999999999999967</Rotation>
<Translation>0.19685000501957836 0.073024999999999979 0.88582499999999997</Translation>
</Transform>
</Instance>
<Instance name="Suspension_Mount(For Sim)-2" uid="Suspension_Mount(For Sim)-2" grounded="true" entityUid="Suspension_Mount(For Sim)*:*Default">
<Transform>
<Rotation>0 -1.0755285551056204e-16 1 0 1 1.0755285551056204e-16 -0.99999999999999989 0 0</Rotation>
<Translation>-0.25716195378336432 0.21335999999999977 0.72390000000000021</Translation>
</Transform>
</Instance>
<Instance name="Suspension_Mount(For Sim)-3" uid="Suspension_Mount(For Sim)-3" grounded="true" entityUid="Suspension_Mount(For Sim)*:*Default">
<Transform>
<Rotation>8.7263096054668531e-15 0 0.99999999999999989 1.0902737046514248e-14 0.99999999999999989 0 -1 1.0902737046514247e-14 8.7263096054668515e-15</Rotation>
<Translation>-0.21271194876378449 0.063500000000003262 0.72390000000000088</Translation>
</Transform>
</Instance>
<Instance name="Suspension_Mount(For Sim)-13" uid="Suspension_Mount(For Sim)-13" grounded="true" entityUid="Suspension_Mount(For Sim)*:*Default">
<Transform>
<Rotation>0 0 1 0 1 0 -1 0 0</Rotation>
<Translation>-0.25716195378336576 0.20065999999999831 -0.63500000000000001</Translation>
</Transform>
</Instance>
<Instance name="Suspension_Mount(For Sim)-4" uid="Suspension_Mount(For Sim)-4" grounded="true" entityUid="Suspension_Mount(For Sim)*:*Default">
<Transform>
<Rotation>8.7263096054668294e-15 -1.0902737046514231e-14 1 1.0902737046514229e-14 1 1.0902737046514135e-14 -1 1.0902737046514133e-14 8.7263096054669477e-15</Rotation>
<Translation>-0.21271194876378788 0.063499999999996351 0.9524999999999999</Translation>
</Transform>
</Instance>
<Instance name="Suspension_Mount(For Sim)-8" uid="Suspension_Mount(For Sim)-8" grounded="true" entityUid="Suspension_Mount(For Sim)*:*Default">
<Transform>
<Rotation>-6.1756155744774323e-16 1.3951513555543468e-14 -1 -1.3951513555543468e-14 1 1.3951513555543477e-14 1 1.3951513555543477e-14 -6.1756155744754858e-16</Rotation>
<Translation>0.18096195378336524 0.063499999999999293 -0.63500000000000001</Translation>
</Transform>
</Instance>
<Instance name="Bellcrank mount (for sim)-2" uid="Bellcrank mount (for sim)-2" grounded="true" entityUid="Bellcrank mount (for sim)*:*Default">
<Transform>
<Rotation>-0.81025633005527042 -0.58607566030792035 2.6367796834847468e-16 -0.58607566030792035 0.81025633005527042 1.7347234759768071e-16 -2.6367796834847468e-16 0 -0.99999999999999989</Rotation>
<Translation>-0.20498245999630829 0.28953837741934774 -0.61277500000000407</Translation>
</Transform>
</Instance>
<Instance name="Suspension_Mount(For Sim)-15" uid="Suspension_Mount(For Sim)-15" grounded="true" entityUid="Suspension_Mount(For Sim)*:*Default">
<Transform>
<Rotation>0 6.8139938136368983e-15 1 0 1 -6.8139938136368983e-15 -1 0 0</Rotation>
<Translation>-0.18096195378336388 0.063500000000001236 -0.38099999999999995</Translation>
</Transform>
</Instance>
<Instance name="Suspension_Mount(For Sim)-16" uid="Suspension_Mount(For Sim)-16" grounded="true" entityUid="Suspension_Mount(For Sim)*:*Default">
<Transform>
<Rotation>0 1.1102230246251565e-16 -1 0 1.0000000000000002 2.2204460492503131e-16 1 0 0</Rotation>
<Translation>0.21271195880294266 0.063499999999999959 0.92709999999999992</Translation>
</Transform>
</Instance>
<Instance name="Front Bellcrank mount (for sim)-2" uid="Front Bellcrank mount (for sim)-2" entityUid="Front Bellcrank mount (for sim)*:*Default">
<Transform>
<Rotation>0 -1 0 1 0 0 0 0 1</Rotation>
<Translation>-0.19684999498041456 0.05397500000000903 0.88582500000000097</Translation>
</Transform>
</Instance>
<Instance name="Front Lower Control Arms(For Sim)-1" uid="Front Lower Control Arms(For Sim)-1" entityUid="Front Lower Control Arms(For Sim)*:*Default">
<Transform>
<Rotation>0 -0.08609010027578004 -0.99628735545248492 0 -0.99628735545248492 0.08609010027578004 -1 0 0</Rotation>
<Translation>0.22224999498042169 0.063500000000000001 0.93979999999999997</Translation>
</Transform>
</Instance>
<Instance name="Suspension_Mount(For Sim)-1" uid="Suspension_Mount(For Sim)-1" grounded="true" entityUid="Suspension_Mount(For Sim)*:*Default">
<Transform>
<Rotation>-3.4914813388431334e-15 0 1 0 1 0 -1 0 -3.4914813388431334e-15</Rotation>
<Translation>-0.25716195378336093 0.2133599999999998 0.95250000000000135</Translation>
</Transform>
</Instance>
<Instance name="Bellcrank_Basic_FirstDraft-3" uid="Bellcrank_Basic_FirstDraft-3" entityUid="Bellcrank_Basic_FirstDraft*:*Default">
<Transform>
<Rotation>-0.34239186639359243 0.93955724137889118 0 0.93955724137889152 0.34239186639359231 0 0 0 -1</Rotation>
<Translation>0.25400000501957831 0.063499999999999959 0.89852500000000013</Translation>
</Transform>
</Instance>
<Instance name="Spring mount (for sim)-2" uid="Spring mount (for sim)-2" grounded="true" entityUid="Spring mount (for sim)*:*Default">
<Transform>
<Rotation>1 0 0 0 1 0 0 0 1</Rotation>
<Translation>0 0.072898835562488343 0.89534999999999942</Translation>
</Transform>
</Instance>
<Instance name="Suspension_Mount(For Sim)-9" uid="Suspension_Mount(For Sim)-9" grounded="true" entityUid="Suspension_Mount(For Sim)*:*Default">
<Transform>
<Rotation>-6.1756155744774323e-16 1.3951513555543468e-14 -1 -1.3951513555543468e-14 1 1.3951513555543477e-14 1 1.3951513555543477e-14 -6.1756155744754858e-16</Rotation>
<Translation>0.1809619537833651 0.063499999999996101 -0.40639999999999993</Translation>
</Transform>
</Instance>
<Instance name="Suspension_Mount(For Sim)-12" uid="Suspension_Mount(For Sim)-12" grounded="true" entityUid="Suspension_Mount(For Sim)*:*Default">
<Transform>
<Rotation>0 0 1 0 1 0 -1 0 0</Rotation>
<Translation>-0.25716195378336576 0.20065999999999831 -0.40639999999999993</Translation>
</Transform>
</Instance>
<Instance name="Suspension_Mount(For Sim)-7" uid="Suspension_Mount(For Sim)-7" grounded="true" entityUid="Suspension_Mount(For Sim)*:*Default">
<Transform>
<Rotation>0 0 -1.0000000000000002 0 1.0000000000000002 0 1 0 0</Rotation>
<Translation>0.21271195880294252 0.063499999999999945 0.6984999999999999</Translation>
</Transform>
</Instance>
<Instance name="Suspension_Mount(For Sim)-11" uid="Suspension_Mount(For Sim)-11" grounded="true" entityUid="Suspension_Mount(For Sim)*:*Default">
<Transform>
<Rotation>1.2065001775418696e-14 7.0308342481340015e-15 -1 -7.0308342481340007e-15 1 7.0308342481339163e-15 1 7.0308342481339155e-15 1.2065001775418745e-14</Rotation>
<Translation>0.25716195378336404 0.20065999999999906 -0.66040000000000021</Translation>
</Transform>
</Instance>
<Instance name="Suspension_Mount(For Sim)-14" uid="Suspension_Mount(For Sim)-14" grounded="true" entityUid="Suspension_Mount(For Sim)*:*Default">
<Transform>
<Rotation>0 0 1 0 1 0 -1 0 0</Rotation>
<Translation>-0.18096195378336477 0.063499999999998877 -0.60960000000000003</Translation>
</Transform>
</Instance>
<Instance name="Bellcrank_Basic_FirstDraft-2" uid="Bellcrank_Basic_FirstDraft-2" entityUid="Bellcrank_Basic_FirstDraft*:*Default">
<Transform>
<Rotation>0.52249768088851678 -0.85264070596360919 0 0.85264070596360919 0.52249768088851678 0 0 0 1</Rotation>
<Translation>-0.25363753641259301 0.34055241140927545 -0.62547500000000411</Translation>
</Transform>
</Instance>
<Instance name="Bellcrank_Basic_FirstDraft-4" uid="Bellcrank_Basic_FirstDraft-4" entityUid="Bellcrank_Basic_FirstDraft*:*Default">
<Transform>
<Rotation>0.34239167303162898 -0.93955731184350977 -8.6629183306218696e-15 0.93955731184350977 0.34239167303162898 -1.1036774280791129e-14 1.3335793075241676e-14 -4.3604086485664209e-15 0.99999999999999978</Rotation>
<Translation>-0.25399999498042253 0.063499999999999251 0.89217500000090411</Translation>
</Transform>
</Instance>
<Instance name="Suspension_Mount(For Sim)-6" uid="Suspension_Mount(For Sim)-6" grounded="true" entityUid="Suspension_Mount(For Sim)*:*Default">
<Transform>
<Rotation>0 0 -1 0 1 0 1 0 0</Rotation>
<Translation>0.25716195378336432 0.21335999999999999 0.6984999999999999</Translation>
</Transform>
</Instance>
<Instance name="Front Upper Control Arms(For Sim)-2" uid="Front Upper Control Arms(For Sim)-2" entityUid="Front Upper Control Arms(For Sim)*:*Default">
<Transform>
<Rotation>-1.0501881110451722e-15 0.042745981398952526 -0.99908597281427203 0 -0.99908597281427203 -0.042745981398952526 -1 0 1.0531941684498813e-15</Rotation>
<Translation>0.26670000000000016 0.21336000000000008 0.93979999999999997</Translation>
</Transform>
</Instance>
<Instance name="Rear Lower Control Arms(For Sim)-1" uid="Rear Lower Control Arms(For Sim)-1" entityUid="Rear Lower Control Arms(For Sim)*:*Default">
<Transform>
<Rotation>-3.0592302097203215e-14 -0.047465010890696602 -0.99887290119471484 1.2371266499443489e-13 -0.99887290119471484 0.047465010890696602 -1 -1.2212116464530575e-13 3.642984454133649e-14</Rotation>
<Translation>0.19049999999999731 0.063500000000020318 -0.393699999999998</Translation>
</Transform>
</Instance>
<Instance name="Rear Upper Control Arms(For Sim)-2" uid="Rear Upper Control Arms(For Sim)-2" entityUid="Rear Upper Control Arms(For Sim)*:*Default">
<Transform>
<Rotation>5.7042100877093393e-16 0.18597659850628617 0.98255417398127831 0 0.98255417398127831 -0.18597659850628617 -1 0 5.6896843436148281e-16</Rotation>
<Translation>-0.26669999999987193 0.20066000000017042 -0.41909999999999981</Translation>
</Transform>
</Instance>
<Instance name="Suspension_Mount(For Sim)-18" uid="Suspension_Mount(For Sim)-18" grounded="true" entityUid="Suspension_Mount(For Sim)*:*Default">
<Transform>
<Rotation>0 0 1 0 1 0 -1 0 0</Rotation>
<Translation>-0.18096195378336477 0.063499999999998877 -0.63500000000000001</Translation>
</Transform>
</Instance>
<Instance name="Front Lower Control Arms(For Sim)-2" uid="Front Lower Control Arms(For Sim)-2" entityUid="Front Lower Control Arms(For Sim)*:*Default">
<Transform>
<Rotation>0 -0.086090195527313979 0.99628734722170831 7.9210213638622593e-16 0.99628734722170831 0.086090195527313951 -1 7.8727579792269772e-16 0</Rotation>
<Translation>-0.22224999498041612 0.06350000000001986 0.93979999999999964</Translation>
</Transform>
</Instance>
<Instance name="steering link assem-1" uid="steering link assem-1" grounded="true" entityUid="steering link assem" rigid="true">
<Transform>
<Rotation>-1 0 0 0 0.99999999999999989 7.0204259072781383e-15 0 7.0204259072781383e-15 -0.99999999999999989</Rotation>
<Translation>0.070911307550866776 0.26859204274714732 0.76582681948697173</Translation>
</Transform>
<Instance name="Steering link 1-1" uid="Steering link 1-1" grounded="true" entityUid="Steering link 1*:*Default">
<Transform>
<Rotation>1 0 0 0 1 0 0 0 1</Rotation>
<Translation>0.070911307550866776 0.14082602638808145 0.21925154718178286</Translation>
</Transform>
</Instance>
<Instance name="steering rack-1" uid="steering rack-1" entityUid="steering rack" rigid="true">
<Transform>
<Rotation>0.99999999999999989 0 0 0 0.25881904510252135 0.96592582628906787 0 -0.96592582628906809 0.25881904510252129</Rotation>
<Translation>0.070911307550866776 -0.18138058647326077 -0.072766005346370899</Translation>
</Transform>
<Instance name="steering rack rod-1" uid="steering rack rod-1" entityUid="steering rack rod*:*Default">
<Transform>
<Rotation>1.1323223088937373e-16 1 0 -0.92461204120092988 1.2246455348608187e-16 -0.38091019055185432 -0.38091019055185432 0 0.92461204120092988</Rotation>
<Translation>0 -0.015874999999999972 0.015875</Translation>
</Transform>
</Instance>
<Instance name="59915K273-1" uid="59915K273-1" entityUid="59915K273*:*59915K273">
<Transform>
<Rotation>0 -1 0 0.98109257186406451 0 0.193539054025681 -0.193539054025681 0 0.98109257186406451</Rotation>
<Translation>-0.16192500000000004 -0.015874999999999972 0.015874999999999972</Translation>
</Transform>
</Instance>
<Instance name="steering rack center-1" uid="steering rack center-1" entityUid="steering rack center*:*Default">
<Transform>
<Rotation>1 0 0 0 1 0 0 0 1</Rotation>
<Translation>0 0 0</Translation>
</Transform>
</Instance>
<Instance name="59915K273-2" uid="59915K273-2" entityUid="59915K273*:*59915K273">
<Transform>
<Rotation>0 1 0 0.9810925718640644 0 -0.193539054025681 -0.193539054025681 0 -0.9810925718640644</Rotation>
<Translation>0.16192500000000004 -0.015874999999999972 0.015874999999999959</Translation>
</Transform>
</Instance>
</Instance>
<Instance name="steering link 2-1" uid="steering link 2-1" entityUid="steering link 2*:*Default">
<Transform>
<Rotation>1 0 0 0 -0.42261826174070333 -0.90630778703664827 0 0.90630778703664827 -0.42261826174070333</Rotation>
<Translation>0.070911307550866748 -0.089376151519227037 -0.048113491300355804</Translation>
</Transform>
</Instance>
<Instance name="steering Link 3-1" uid="steering Link 3-1" entityUid="steering Link 3*:*Default">
<Transform>
<Rotation>-1 0 0 0 0.25881904510252146 -0.96592582628906809 0 -0.96592582628906809 -0.25881904510252146</Rotation>
<Translation>0.070911307550866748 -0.077108893525355882 -0.04482648942755374</Translation>
</Transform>
</Instance>
<Instance name="steering rack connector-1" uid="steering rack connector-1" entityUid="steering rack connector*:*Default">
<Transform>
<Rotation>1 0 0 0 1 0 0 0 1</Rotation>
<Translation>0.070911307550866776 0.14082602638808145 0.10241154718178291</Translation>
</Transform>
</Instance>
</Instance>
<Instance name="front upright (for sim)-5" uid="front upright (for sim)-5" entityUid="front upright (for sim)*:*Front right">
<Transform>
<Rotation>0.014526506696815277 -0.0030251430445128041 0.99988990849630421 -0.0019934248178252994 0.99999334837597786 0.0030544166866903468 -0.99989249765196409 -0.0020375753631436721 0.014520379676731971</Rotation>
<Translation>-0.48166192654357043 0.13163188355218708 0.89488570957326408</Translation>
</Transform>
</Instance>
<Instance name="Rear tie rod (for sim)-2" uid="Rear tie rod (for sim)-2" entityUid="Rear tie rod (for sim)*:*Default">
<Transform>
<Rotation>0.97445519864694474 -0.045152771239366472 -0.21999612060067966 0.046252609388196392 0.99892976386840138 -0.00015160014066970505 0.21976751797007282 -0.010027667087870578 0.9755007349756577</Rotation>
<Translation>-0.30817872931034657 0.057913748595920696 -0.67424286151787161</Translation>
</Transform>
</Instance>
<Instance name="Steering tie rod (for sim)-1" uid="Steering tie rod (for sim)-1" entityUid="Steering tie rod (for sim)*:*Default">
<Transform>
<Rotation>0.99299029097524438 -0.11542618429188578 -0.025437728057260564 -0.11727821808758015 -0.98895867282675387 -0.090590082254890694 -0.014700394249866182 0.092938363556507225 -0.99556333750713077</Rotation>
<Translation>0.30617974275902538 0.083274344721551666 0.81724944482901174</Translation>
</Transform>
</Instance>
<Instance name="Steering tie rod (for sim)-2" uid="Steering tie rod (for sim)-2" entityUid="Steering tie rod (for sim)*:*Default">
<Transform>
<Rotation>0.99299028066625039 0.039597475871313584 -0.1113658044777748 0.11727830553313541 -0.2128981225162174 0.97001040637734726 0.01470039297562368 -0.97627169852131357 -0.21604969130427334</Rotation>
<Translation>-0.30617974142621607 0.083274333416072821 0.81724944499375285</Translation>
</Transform>
</Instance>
<Instance name="Pullrod (for sim)-1" uid="Pullrod (for sim)-1" entityUid="Pullrod (for sim)*:*Default">
<Transform>
<Rotation>0.58145947408998255 0 0.8135753683531729 0.8135753683531729 0 -0.58145947408998255 0 1 0</Rotation>
<Translation>0.36701734915765671 0.12206802157398518 0.89534999999999987</Translation>
</Transform>
</Instance>
<Instance name="Pullrod (for sim)-2" uid="Pullrod (for sim)-2" entityUid="Pullrod (for sim)*:*Default">
<Transform>
<Rotation>0.58145955347029077 8.7865129757088707e-15 0.81357531162033803 -0.81357531162033803 1.072968126865402e-14 0.58145955347029077 -3.6204018703154945e-15 -1 1.3387365711618613e-14</Rotation>
<Translation>-0.36701734050034412 0.12206800594182103 0.8953499999999992</Translation>
</Transform>
</Instance>
<Instance name="wheel assem (for simulation)-1" uid="wheel assem (for simulation)-1" entityUid="wheel assem (for simulation)" rigid="true">
<Transform>
<Rotation>0.99988990849630421 0.0096210747094300983 -0.011296274106445563 0.0030544166866904865 0.61153704168492851 0.79120990715861872 0.014520379676732103 -0.79115730519832872 0.61144032988130737</Rotation>
<Translation>-0.76296729857271384 0.030213885606172428 1.0209245368845115</Translation>
</Transform>
<Instance name="hub (for sim)-1" uid="hub (for sim)-1" entityUid="hub (for sim)*:*Default">
<Transform>
<Rotation>0 0 1 0.70710678118655079 0.70710678118654402 0 -0.70710678118654391 0.7071067811865509 0</Rotation>
<Translation>0.21625404389642666 0.16444386140391509 0</Translation>
</Transform>
</Instance>
<Instance name="tire wheel sub assem-1" uid="tire wheel sub assem-1" grounded="true" entityUid="tire wheel sub assem" rigid="true">
<Transform>
<Rotation>1 0 0 0 1 0 0 0 1</Rotation>
<Translation>0 0 0</Translation>
</Transform>
<Instance name="Hoosier 16x7.5-10 tire-1" uid="Hoosier 16x7.5-10 tire-1" entityUid="Hoosier 16x7.5-10 tire*:*Default">
<Transform>
<Rotation>1 0 -1.1275702593849246e-16 0 0.93060836101792765 0.36601650017933152 1.1275702593849246e-16 -0.36601650017933129 0.93060836101792777</Rotation>
<Translation>0.22542852029992666 0.16444386140391476 0</Translation>
</Transform>
</Instance>
<Instance name="Assem1^tire wheel sub assem-1" uid="Assem1^tire wheel sub assem-1" entityUid="Assem1^tire wheel sub assem" rigid="true">
<Transform>
<Rotation>1 0 0 0 1 0 0 0 1</Rotation>
<Translation>0 0 0</Translation>
</Transform>
</Instance>
<Instance name="Assem2^tire wheel sub assem-1" uid="Assem2^tire wheel sub assem-1" entityUid="Assem2^tire wheel sub assem" rigid="true">
<Transform>
<Rotation>1 0 0 0 1 0 0 0 1</Rotation>
<Translation>0 0 0</Translation>
</Transform>
</Instance>
<Instance name="Braid wheel ET16-1" uid="Braid wheel ET16-1" grounded="true" entityUid="Braid wheel ET16*:*Front wheels">
<Transform>
<Rotation>1 0 0 0 1 0 0 0 1</Rotation>
<Translation>0 0 0</Translation>
</Transform>
<VisualProperties>
<Ambient r="1" g="1" b="1" a="1"/>
<Diffuse r="1" g="1" b="1" a="1"/>
<Specular r="0.5" g="0.5" b="0.5" a="1"/>
<Emissive r="0" g="0" b="0" a="1"/>
<Shininess>0.3125</Shininess>
</VisualProperties>
</Instance>
</Instance>
</Instance>
<Instance name="Rear tie rod (for sim)-1" uid="Rear tie rod (for sim)-1" entityUid="Rear tie rod (for sim)*:*Default">
<Transform>
<Rotation>0.97445519864693886 0.037884884366097438 0.22136350504661451 -0.046252609388156771 0.99839315575401233 0.032738397461250922 -0.21976751797010791 -0.042140741333200026 0.97464167567632087</Rotation>
<Translation>0.30817872931032314 0.057913748595925539 -0.67424286151788271</Translation>
</Transform>
</Instance>
<Instance name="front upright (for sim)-6" uid="front upright (for sim)-6" entityUid="front upright (for sim)*:*Front Left">
<Transform>
<Rotation>0.01452649285698831 0.0030251265286365789 -0.99988990874733896 0.0019934231634861845 0.99999334842988707 0.0030544001168757049 0.99989249785632817 -0.0020375734265132119 0.014520365875707916</Rotation>
<Translation>0.48166192706024064 0.13163190679168768 0.89488571001444195</Translation>
</Transform>
</Instance>
<Instance name="upright (for sim)-3" uid="upright (for sim)-3" entityUid="upright (for sim)*:*Rear left">
<Transform>
<Rotation>-0.0031126731028935247 -0.019748470024379978 -0.9998001346258415 -6.1482521841381107e-05 0.99980497994943807 -0.019748374317987354 0.99999515373128389 4.8676590188622899e-14 -0.0031132802549672235</Rotation>
<Translation>0.46837809256854163 0.14208446142168243 -0.64349761469260625</Translation>
</Transform>
</Instance>
<Instance name="wheel assem (for simulation)-3" uid="wheel assem (for simulation)-3" entityUid="wheel assem (for simulation)" rigid="true">
<Transform>
<Rotation>-0.99980013462584139 -0.017464300210884208 -0.0097308283456974017 -0.019748374317987528 0.78692781631580366 0.61672896285178425 -0.0031132802549672348 0.6167978681274644 -0.78711542823112612</Rotation>
<Translation>0.75094812028171265 0.018203700236153891 -0.74405528509212948</Translation>
</Transform>
<Instance name="hub (for sim)-1" uid="hub (for sim)-1" entityUid="hub (for sim)*:*Default">
<Transform>
<Rotation>0 0 0.99999999999999989 0.70710678118655113 0.70710678118654413 0 -0.70710678118654391 0.70710678118655101 0</Rotation>
<Translation>0.21625404389642666 0.16444386140391504 0</Translation>
</Transform>
</Instance>
<Instance name="tire wheel sub assem-1" uid="tire wheel sub assem-1" grounded="true" entityUid="tire wheel sub assem" rigid="true">
<Transform>
<Rotation>1 0 0 0 1 0 0 0 1</Rotation>
<Translation>0 0 0</Translation>
</Transform>
<Instance name="Hoosier 16x7.5-10 tire-1" uid="Hoosier 16x7.5-10 tire-1" entityUid="Hoosier 16x7.5-10 tire*:*Default">
<Transform>
<Rotation>0.99999999999999989 0 -1.1145598333150986e-16 0 0.93060836101792754 0.36601650017933129 1.1362438767648086e-16 -0.36601650017933135 0.93060836101792743</Rotation>
<Translation>0.22542852029992677 0.16444386140391476 0</Translation>
</Transform>
</Instance>
<Instance name="Assem1^tire wheel sub assem-1" uid="Assem1^tire wheel sub assem-1" entityUid="Assem1^tire wheel sub assem" rigid="true">
<Transform>
<Rotation>1 0 0 0 1 0 0 0 1</Rotation>
<Translation>0 0 0</Translation>
</Transform>
</Instance>
<Instance name="Assem2^tire wheel sub assem-1" uid="Assem2^tire wheel sub assem-1" entityUid="Assem2^tire wheel sub assem" rigid="true">
<Transform>
<Rotation>1 0 0 0 1 0 0 0 1</Rotation>
<Translation>0 0 0</Translation>
</Transform>
</Instance>
<Instance name="Braid wheel ET16-1" uid="Braid wheel ET16-1" grounded="true" entityUid="Braid wheel ET16*:*Front wheels">
<Transform>
<Rotation>1 0 0 0 1 0 0 0 1</Rotation>
<Translation>0 0 0</Translation>
</Transform>
<VisualProperties>
<Ambient r="1" g="1" b="1" a="1"/>
<Diffuse r="1" g="1" b="1" a="1"/>
<Specular r="0.5" g="0.5" b="0.5" a="1"/>
<Emissive r="0" g="0" b="0" a="1"/>
<Shininess>0.3125</Shininess>
</VisualProperties>
</Instance>
</Instance>
</Instance>
<Instance name="Rear Lower Control Arms(For Sim)-2" uid="Rear Lower Control Arms(For Sim)-2" entityUid="Rear Lower Control Arms(For Sim)*:*Default">
<Transform>
<Rotation>2.5456998447676539e-16 -0.047465010890596251 0.99887290119471961 6.7636779025522933e-16 0.9988729011947195 0.047465010890596251 -1 6.6460935456344318e-16 2.2522560487857933e-16</Rotation>
<Translation>-0.19050000000000097 0.06350000000000014 -0.39370000000000011</Translation>
</Transform>
</Instance>
<Instance name="upright (for sim)-4" uid="upright (for sim)-4" entityUid="upright (for sim)*:*Rear Right">
<Transform>
<Rotation>-0.0031126731027441776 0.019748470024114822 0.99980013462584716 6.148252178925684e-05 0.99980497994944328 -0.019748374317722361 -0.99999515373128434 3.3728337909508411e-16 -0.0031132802548168759</Rotation>
<Translation>-0.46837809256850171 0.1420844614215177 -0.64349761469267142</Translation>
</Transform>
</Instance>
<Instance name="Suspension_Mount(For Sim)-17" uid="Suspension_Mount(For Sim)-17" grounded="true" entityUid="Suspension_Mount(For Sim)*:*Default">
<Transform>
<Rotation>-6.1756155744774323e-16 1.3951513555543468e-14 -1 -1.3951513555543468e-14 1 1.3951513555543477e-14 1 1.3951513555543477e-14 -6.1756155744754858e-16</Rotation>
<Translation>0.1809619537833653 0.063499999999999626 -0.66039999999999999</Translation>
</Transform>
</Instance>
<Instance name="Rear Upper Control Arms(For Sim)-1" uid="Rear Upper Control Arms(For Sim)-1" entityUid="Rear Upper Control Arms(For Sim)*:*Default">
<Transform>
<Rotation>-1.5163955415269744e-16 0.18597659850570286 -0.98255417398138856 1.3606331336176258e-16 -0.98255417398138856 -0.18597659850570286 -1 -1.6189098494957184e-16 1.2368948467293939e-16</Rotation>
<Translation>0.26669999999999999 0.20065999999999998 -0.41909999999999997</Translation>
</Transform>
</Instance>
<Instance name="wheel assem (for simulation)-2" uid="wheel assem (for simulation)-2" entityUid="wheel assem (for simulation)" rigid="true">
<Transform>
<Rotation>0.99980013462584716 -0.009065047256956579 0.017818970799882289 -0.019748374317722486 -0.30901065507781544 0.95085352013871538 -0.0031132802548168781 -0.95101537314946094 -0.3091279144940593</Rotation>
<Translation>-0.74658553194352228 0.19842405433367052 -0.48623802173633013</Translation>
</Transform>
<Instance name="hub (for sim)-1" uid="hub (for sim)-1" entityUid="hub (for sim)*:*Default">
<Transform>
<Rotation>0 0 1 0.70710678118655101 0.70710678118654391 0 -0.70710678118654402 0.70710678118655101 0</Rotation>
<Translation>0.21625404389642644 0.16444386140391509 0</Translation>
</Transform>
</Instance>
<Instance name="tire wheel sub assem-1" uid="tire wheel sub assem-1" grounded="true" entityUid="tire wheel sub assem" rigid="true">
<Transform>
<Rotation>1 0 0 0 1 0 0 0 1</Rotation>
<Translation>0 0 0</Translation>
</Transform>
<Instance name="Hoosier 16x7.5-10 tire-1" uid="Hoosier 16x7.5-10 tire-1" entityUid="Hoosier 16x7.5-10 tire*:*Default">
<Transform>
<Rotation>1 0 -1.1319070680748666e-16 0 0.93060836101792765 0.36601650017933141 1.102633609417758e-16 -0.36601650017933141 0.93060836101792777</Rotation>
<Translation>0.22542852029992655 0.16444386140391487 0</Translation>
</Transform>
</Instance>
<Instance name="Assem1^tire wheel sub assem-1" uid="Assem1^tire wheel sub assem-1" entityUid="Assem1^tire wheel sub assem" rigid="true">
<Transform>
<Rotation>1 0 0 0 1 0 0 0 1</Rotation>
<Translation>0 0 0</Translation>
</Transform>
</Instance>
<Instance name="Assem2^tire wheel sub assem-1" uid="Assem2^tire wheel sub assem-1" entityUid="Assem2^tire wheel sub assem" rigid="true">
<Transform>
<Rotation>1 0 0 0 1 0 0 0 1</Rotation>
<Translation>0 0 0</Translation>
</Transform>
</Instance>
<Instance name="Braid wheel ET16-1" uid="Braid wheel ET16-1" grounded="true" entityUid="Braid wheel ET16*:*Front wheels">
<Transform>
<Rotation>1 0 0 0 1 0 0 0 1</Rotation>
<Translation>0 0 0</Translation>
</Transform>
<VisualProperties>
<Ambient r="1" g="1" b="1" a="1"/>
<Diffuse r="1" g="1" b="1" a="1"/>
<Specular r="0.5" g="0.5" b="0.5" a="1"/>
<Emissive r="0" g="0" b="0" a="1"/>
<Shininess>0.3125</Shininess>
</VisualProperties>
</Instance>
</Instance>
</Instance>
<Instance name="wheel assem (for simulation)-4" uid="wheel assem (for simulation)-4" entityUid="wheel assem (for simulation)" rigid="true">
<Transform>
<Rotation>-0.99988990874733885 0.014621756126747801 0.0025248035583604104 0.0030544001168757548 0.036311447747263928 0.99933585415636106 0.014520365875708008 0.99923354778063156 -0.036352110868117959</Rotation>
<Translation>0.75898071444554904 0.12480623132658736 0.72650575590047639</Translation>
</Transform>
<Instance name="hub (for sim)-1" uid="hub (for sim)-1" entityUid="hub (for sim)*:*Default">
<Transform>
<Rotation>0 0 1 0.70710678118655101 0.70710678118654402 0 -0.70710678118654391 0.7071067811865509 0</Rotation>
<Translation>0.21625404389642655 0.1644438614039152 0</Translation>
</Transform>
</Instance>
<Instance name="tire wheel sub assem-1" uid="tire wheel sub assem-1" grounded="true" entityUid="tire wheel sub assem" rigid="true">
<Transform>
<Rotation>1 0 0 0 1 0 0 0 1</Rotation>
<Translation>0 0 0</Translation>
</Transform>
<Instance name="Hoosier 16x7.5-10 tire-1" uid="Hoosier 16x7.5-10 tire-1" entityUid="Hoosier 16x7.5-10 tire*:*Default">
<Transform>
<Rotation>1 0 -1.1362438767648086e-16 0 0.93060836101792777 0.36601650017933141 1.1254018550399536e-16 -0.36601650017933141 0.93060836101792777</Rotation>
<Translation>0.22542852029992666 0.16444386140391498 0</Translation>
</Transform>
</Instance>
<Instance name="Assem1^tire wheel sub assem-1" uid="Assem1^tire wheel sub assem-1" entityUid="Assem1^tire wheel sub assem" rigid="true">
<Transform>
<Rotation>1 0 0 0 1 0 0 0 1</Rotation>
<Translation>0 0 0</Translation>
</Transform>
</Instance>
<Instance name="Assem2^tire wheel sub assem-1" uid="Assem2^tire wheel sub assem-1" entityUid="Assem2^tire wheel sub assem" rigid="true">
<Transform>
<Rotation>1 0 0 0 1 0 0 0 1</Rotation>
<Translation>0 0 0</Translation>
</Transform>
</Instance>
<Instance name="Braid wheel ET16-1" uid="Braid wheel ET16-1" grounded="true" entityUid="Braid wheel ET16*:*Front wheels">
<Transform>
<Rotation>1 0 0 0 1 0 0 0 1</Rotation>
<Translation>0 0 0</Translation>
</Transform>
<VisualProperties>
<Ambient r="1" g="1" b="1" a="1"/>
<Diffuse r="1" g="1" b="1" a="1"/>
<Specular r="0.5" g="0.5" b="0.5" a="1"/>
<Emissive r="0" g="0" b="0" a="1"/>
<Shininess>0.3125</Shininess>
</VisualProperties>
</Instance>
</Instance>
</Instance>
<Instance name="Front Upper Control Arms(For Sim)-1" uid="Front Upper Control Arms(For Sim)-1" entityUid="Front Upper Control Arms(For Sim)*:*Default">
<Transform>
<Rotation>1.8317656779315043e-15 0.042745849729637027 0.99908597844774683 9.6569831526519906e-16 0.99908597844774683 -0.042745849729637034 -1 1.043477166979174e-15 1.8447220145729085e-15</Rotation>
<Translation>-0.26670000000000044 0.21335999999999977 0.93979999999999997</Translation>
</Transform>
</Instance>
<Instance name="Steering_wheel-1" uid="Steering_wheel-1" grounded="true" entityUid="Steering_wheel*:*Default">
<Transform>
<Rotation>0.99998565374196002 0.0053565203504484888 0 -0.0053565203504484888 0.99998565374196002 -7.0248787397800365e-15 0 7.0247903147051911e-15 1</Rotation>
<Translation>9.5086420417360082e-05 0.42716934236152138 0.52498527230518999</Translation>
</Transform>
</Instance>
<Instance name="Cylander-1" uid="Cylander-1" entityUid="Cylander*:*Default">
<Transform>
<Rotation>0 -0.28778358352764261 0.95769546780382586 0 0.95769546780382586 0.28778358352764261 -1 0 0</Rotation>
<Translation>0.015606366220554321 0.31932742575540041 -0.62229999999999985</Translation>
</Transform>
</Instance>
<Instance name="Pushrod (for sim)-2" uid="Pushrod (for sim)-2" entityUid="Pushrod (for sim)*:*Default">
<Transform>
<Rotation>0.42813444375250786 -0.030062271268713088 0.90321490129364956 0.90062785952175994 -0.068347639326408152 -0.42918301323766328 0.074634822475730001 0.99720853388078945 -0.0021870595197052145</Rotation>
<Translation>-0.36449680784267613 0.18105609116921023 -0.63296800000000208</Translation>
</Transform>
</Instance>
<Instance name="Piston-3" uid="Piston-3" entityUid="Piston*:*Default">
<Transform>
<Rotation>0 -0.057098719493020311 -0.99836853728082675 1.8011689378244745e-16 0.99836853728082675 -0.057098719493020311 0.99999999999999978 -1.8041124150158801e-16 0</Rotation>
<Translation>0.25930682434229008 0.11258436419244706 0.89534999999999965</Translation>
</Transform>
</Instance>
<Instance name="Pushrod (for sim)-1" uid="Pushrod (for sim)-1" entityUid="Pushrod (for sim)*:*Default">
<Transform>
<Rotation>0.4281344437524659 -0.030933908683391475 0.9031854689743043 -0.90062785952177615 0.067933422592021633 0.42924877256453214 -0.074634822475773757 -0.99721018014684415 0.0012246981294714257</Rotation>
<Translation>0.36449680784267408 0.18105609116922516 -0.63296800000000075</Translation>
</Transform>
</Instance>
<Instance name="Piston-4" uid="Piston-4" entityUid="Piston*:*Default">
<Transform>
<Rotation>6.9066768461168683e-16 0.057098710150007524 0.99836853781517243 1.1497451623228799e-14 0.99836853781517243 -0.057098710150007524 -1 1.1518130199617238e-14 0</Rotation>
<Translation>-0.25930682447597081 0.11258436185491848 0.89535000000000009</Translation>
</Transform>
</Instance>
<Instance name="Piston-1" uid="Piston-1" entityUid="Piston*:*Default">
<Transform>
<Rotation>0 -0.28778358352764272 -0.95769546780382586 0 0.95769546780382586 -0.28778358352764272 1 0 0</Rotation>
<Translation>0.24913082908983919 0.38950057476278083 -0.62229999999999985</Translation>
</Transform>
</Instance>
<Instance name="Cylander-2" uid="Cylander-2" entityUid="Cylander*:*Default">
<Transform>
<Rotation>0 -0.28778358352760924 -0.95769546780383585 0 -0.95769546780383585 0.28778358352760924 -1 0 0</Rotation>
<Translation>-0.015606366220554181 0.31932742575540074 -0.62229999999999985</Translation>
</Transform>
</Instance>
<Instance name="Cylander-4" uid="Cylander-4" entityUid="Cylander*:*Default">
<Transform>
<Rotation>0 -0.05709871015000758 -0.99836853781517232 0 -0.99836853781517232 0.05709871015000758 -1 0 0</Rotation>
<Translation>-0.015864640215119213 0.098661412371940552 0.89535000000000009</Translation>
</Transform>
</Instance>
<Instance name="steering wheel mount-1" uid="steering wheel mount-1" entityUid="steering wheel mount*:*Default&lt;As Machined&gt;">
<Transform>
<Rotation>1 0 0 0 1 0 0 0 1</Rotation>
<Translation>0 0.40941806913523415 0.62531527230518691</Translation>
</Transform>
</Instance>
<Instance name="Piston-2" uid="Piston-2" entityUid="Piston*:*Default">
<Transform>
<Rotation>0 0.2877835835276093 0.95769546780383585 0 0.95769546780383585 -0.2877835835276093 -1 0 0</Rotation>
<Translation>-0.2491308290898416 0.38950057476277239 -0.62229999999999985</Translation>
</Transform>
</Instance>
<Instance name="Cylander-3" uid="Cylander-3" entityUid="Cylander*:*Default">
<Transform>
<Rotation>0 -0.057098719493020388 0.99836853728082664 0 0.99836853728082664 0.057098719493020388 -0.99999999999999989 0 0</Rotation>
<Translation>0.015864640211733259 0.098661412431269011 0.89534999999999954</Translation>
</Transform>
</Instance>
<Instance name="Hawk 23RR Frame v9-1" uid="Hawk 23RR Frame v9-1" grounded="true" entityUid="Hawk 23RR Frame v9*:*Default&lt;As Machined&gt;">
<Transform>
<Rotation>1 0 0 0 1 0 0 0 1</Rotation>
<Translation>0 0 0</Translation>
</Transform>
</Instance>
<Instance name="Spring mount (for sim)-1" uid="Spring mount (for sim)-1" grounded="true" entityUid="Spring mount (for sim)*:*Default">
<Transform>
<Rotation>1 0 0 0 1 0 0 0 1</Rotation>
<Translation>0 0.29209999999999992 -0.62229999999999985</Translation>
</Transform>
</Instance>
<Instance name="Bellcrank_Basic_FirstDraft-1" uid="Bellcrank_Basic_FirstDraft-1" entityUid="Bellcrank_Basic_FirstDraft*:*Default">
<Transform>
<Rotation>-0.52249768088856896 0.85264070596357722 0 0.85264070596357722 0.52249768088856896 0 0 0 -1.0000000000000002</Rotation>
<Translation>0.25363753641259351 0.34055241140928405 -0.61912499999999981</Translation>
</Transform>
</Instance>
<Instance name="Bellcrank mount (for sim)-1" uid="Bellcrank mount (for sim)-1" grounded="true" entityUid="Bellcrank mount (for sim)*:*Default">
<Transform>
<Rotation>0.81025633005527009 0.58607566030792069 0 -0.58607566030792069 0.81025633005527009 0 0 0 1</Rotation>
<Translation>0.20498245999630876 0.2895383774193564 -0.63182499999999986</Translation>
</Transform>
</Instance>
</InstanceTree>
<Constraints>
<Concentric name="Concentric4">
<ConstraintGeometry geomType="cylinder">
<InstancePath>
<Uid>Bellcrank_Basic_FirstDraft-1</Uid>
</InstancePath>
<Position>0 0 0.0063499999999999668</Position>
<Axis>0 0 -1.0000000000000002</Axis>
</ConstraintGeometry>
<ConstraintGeometry geomType="cylinder">
<InstancePath>
<Uid>Bellcrank mount (for sim)-1</Uid>
</InstancePath>
<Position>0.0095249999999999779 0.069849999999999968 0.019050000000000011</Position>
<Axis>0 0 -1</Axis>
</ConstraintGeometry>
</Concentric>
<Concentric name="Concentric6">
<ConstraintGeometry geomType="circle">
<InstancePath>
<Uid>Bellcrank mount (for sim)-2</Uid>
</InstancePath>
<Position>0.0095249999999999831 0.069849999999999968 0.019050000000000011</Position>
<Axis>0 0 0.99999999999999989</Axis>
</ConstraintGeometry>
<ConstraintGeometry geomType="circle">
<InstancePath>
<Uid>Bellcrank_Basic_FirstDraft-2</Uid>
</InstancePath>
<Position>0 0 0</Position>
<Axis>0 0 1</Axis>
</ConstraintGeometry>
</Concentric>
<Concentric name="Concentric11">
<ConstraintGeometry geomType="cylinder">
<InstancePath>
<Uid>Hawk 23RR Frame v9-1</Uid>
</InstancePath>
<Position>0.19685000501957833 0.063499999999999973 0.93980000000000019</Position>
<Axis>0 0 -1</Axis>
</ConstraintGeometry>
<ConstraintGeometry geomType="cylinder">
<InstancePath>
<Uid>Front Bellcrank mount (for sim)-1</Uid>
</InstancePath>
<Position>0.0095249999999999918 0 0.019050000000000011</Position>
<Axis>0 0 -0.99999999999999967</Axis>
</ConstraintGeometry>
</Concentric>
<Coincident name="Coincident22">
<ConstraintGeometry geomType="plane">
<InstancePath>
<Uid>Hawk 23RR Frame v9-1</Uid>
</InstancePath>
<Position>0 0 0.89534999999999998</Position>
<Axis>0 0 1</Axis>
</ConstraintGeometry>
<ConstraintGeometry geomType="point">
<InstancePath>
<Uid>Front Bellcrank mount (for sim)-1</Uid>
</InstancePath>
<Position>0.019049999999999997 0.021100260412630079 0.0095250000000000057</Position>
</ConstraintGeometry>
</Coincident>
<Concentric name="Concentric12">
<ConstraintGeometry geomType="cylinder">
<InstancePath>
<Uid>Bellcrank_Basic_FirstDraft-3</Uid>
</InstancePath>
<Position>0 0 0.0063499999999999668</Position>
<Axis>0 0 -1</Axis>
</ConstraintGeometry>
<ConstraintGeometry geomType="cylinder">
<InstancePath>
<Uid>Front Bellcrank mount (for sim)-1</Uid>
</InstancePath>
<Position>0.0095250000000000057 0.057150000000000006 0.019050000000000011</Position>
<Axis>0 0 -0.99999999999999967</Axis>
</ConstraintGeometry>
</Concentric>
<Parallel name="Parallel7">
<ConstraintGeometry geomType="plane">
<InstancePath>
<Uid>Hawk 23RR Frame v9-1</Uid>
</InstancePath>
<Position>0 0 0</Position>
<Axis>0 1 0</Axis>
</ConstraintGeometry>
<ConstraintGeometry geomType="plane">
<InstancePath>
<Uid>Front Bellcrank mount (for sim)-1</Uid>
</InstancePath>
<Position>0 0 0.019050000000000011</Position>
<Axis>-1 0 0</Axis>
</ConstraintGeometry>
</Parallel>
<Concentric name="Concentric13">
<ConstraintGeometry geomType="cylinder">
<InstancePath>
<Uid>Hawk 23RR Frame v9-1</Uid>
</InstancePath>
<Position>-0.19684999498042277 0.06349999999999878 0.93979999999999997</Position>
<Axis>8.7267432863358236e-15 1.0903387567817721e-14 -1</Axis>
</ConstraintGeometry>
<ConstraintGeometry geomType="cylinder">
<InstancePath>
<Uid>Front Bellcrank mount (for sim)-2</Uid>
</InstancePath>
<Position>0.0095249999999999918 0 0.019050000000000011</Position>
<Axis>0 0 -1</Axis>
</ConstraintGeometry>
</Concentric>
<Coincident name="Coincident24">
<ConstraintGeometry geomType="plane">
<InstancePath>
<Uid>Hawk 23RR Frame v9-1</Uid>
</InstancePath>
<Position>0 0 0.89534999999999998</Position>
<Axis>0 0 1</Axis>
</ConstraintGeometry>
<ConstraintGeometry geomType="point">
<InstancePath>
<Uid>Front Bellcrank mount (for sim)-2</Uid>
</InstancePath>
<Position>0.019049999999999997 0.021100260412630079 0.0095250000000000057</Position>
</ConstraintGeometry>
</Coincident>
<Parallel name="Parallel8">
<ConstraintGeometry geomType="plane">
<InstancePath>
