<?xml version="1.0" encoding="UTF-8" standalone="no" ?>
<SimscapeMultibodyImportXML version="2.0" xmlns="urn:mathworks:SimscapeMultibody:import" xmlns:xsi="http://www.w3.org/2001/XMLSchema-instance">
<Created by="" on="10/11/22||11:04:07" using="Simscape Multibody Link Version 7.4" from="SolidWorks 29.3.0"/>
<ModelUnits mass="kilogram" length="inch"/>
<DataUnits mass="kilogram" length="meter"/>
<RootAssembly name="SimMechanics Assembly" uid="SimMechanics Assembly" version="1222">
<AssemblyFile name="SimMechanics Assembly.SLDASM" type="SolidWorks Assembly"/>
<InstanceTree>
<Instance name="Spring mount (for sim)-2" uid="Spring mount (for sim)-2" grounded="true" entityUid="Spring mount (for sim)*:*Default">
<Transform>
<Rotation>1 0 0 0 1 0 0 0 1</Rotation>
<Translation>0 0.072898835562488343 0.89534999999999942</Translation>
</Transform>
</Instance>
<Instance name="Hawk 23RR Frame v9-1" uid="Hawk 23RR Frame v9-1" grounded="true" entityUid="Hawk 23RR Frame v9*:*Default&lt;As Machined&gt;">
<Transform>
<Rotation>1 0 0 0 1 0 0 0 1</Rotation>
<Translation>0 0 0</Translation>
</Transform>
</Instance>
<Instance name="Spring mount (for sim)-1" uid="Spring mount (for sim)-1" grounded="true" entityUid="Spring mount (for sim)*:*Default">
<Transform>
<Rotation>1 0 0 0 1 0 0 0 1</Rotation>
<Translation>0 0.29209999999999992 -0.62229999999999985</Translation>
</Transform>
</Instance>
<Instance name="Bellcrank_Basic_FirstDraft-1" uid="Bellcrank_Basic_FirstDraft-1" entityUid="Bellcrank_Basic_FirstDraft*:*Default">
<Transform>
<Rotation>-0.7549807185070625 0.65574698983873336 0 0.65574698983873336 0.7549807185070625 0 0 0 -1.0000000000000002</Rotation>
<Translation>0.25363753641259151 0.34055241140927633 -0.61912499999999981</Translation>
</Transform>
</Instance>
<Instance name="Bellcrank mount (for sim)-2" uid="Bellcrank mount (for sim)-2" grounded="true" entityUid="Bellcrank mount (for sim)*:*Default">
<Transform>
<Rotation>-0.81025633005527042 -0.58607566030792035 2.6367796834847468e-16 -0.58607566030792035 0.81025633005527042 1.7347234759768071e-16 -2.6367796834847468e-16 0 -0.99999999999999989</Rotation>
<Translation>-0.20498245999630829 0.28953837741934774 -0.61277500000000407</Translation>
</Transform>
</Instance>
<Instance name="Bellcrank mount (for sim)-1" uid="Bellcrank mount (for sim)-1" grounded="true" entityUid="Bellcrank mount (for sim)*:*Default">
<Transform>
<Rotation>0.81025633005527009 0.58607566030792069 0 -0.58607566030792069 0.81025633005527009 0 0 0 1</Rotation>
<Translation>0.20498245999630876 0.2895383774193564 -0.63182499999999986</Translation>
</Transform>
</Instance>
<Instance name="Bellcrank_Basic_FirstDraft-2" uid="Bellcrank_Basic_FirstDraft-2" entityUid="Bellcrank_Basic_FirstDraft*:*Default">
<Transform>
<Rotation>0.75498071850704085 -0.65574698983875823 0 0.65574698983875823 0.75498071850704085 0 0 0 0.99999999999999989</Rotation>
<Translation>-0.25363753641259285 0.3405524114092755 -0.62547500000000389</Translation>
</Transform>
</Instance>
<Instance name="Front Upper Control Arms(For Sim)-1" uid="Front Upper Control Arms(For Sim)-1" entityUid="Front Upper Control Arms(For Sim)*:*Default">
<Transform>
<Rotation>1.7085332062708214e-15 0.17726895335561133 0.98416244501413808 7.6683671340717136e-16 0.98416244501413808 -0.17726895335561133 -1 1.0575617880423427e-15 1.5455378760909896e-15</Rotation>
<Translation>-0.26670000000000105 0.21335999999999988 0.93979999999999964</Translation>
</Transform>
</Instance>
<Instance name="Front Upper Control Arms(For Sim)-2" uid="Front Upper Control Arms(For Sim)-2" entityUid="Front Upper Control Arms(For Sim)*:*Default">
<Transform>
<Rotation>-1.9304686467736163e-15 0.17726895335560822 -0.98416244501413852 -2.2238545102908387e-16 -0.98416244501413852 -0.17726895335560822 -1 -1.2334874727902118e-16 1.9393167795772979e-15</Rotation>
<Translation>0.26670000000000038 0.21335999999999999 0.93980000000000008</Translation>
</Transform>
</Instance>
<Instance name="Suspension_Mount(For Sim)-9" uid="Suspension_Mount(For Sim)-9" grounded="true" entityUid="Suspension_Mount(For Sim)*:*Default">
<Transform>
<Rotation>-6.1756155744774323e-16 1.3951513555543468e-14 -1 -1.3951513555543468e-14 1 1.3951513555543477e-14 1 1.3951513555543477e-14 -6.1756155744754858e-16</Rotation>
<Translation>0.1809619537833651 0.063499999999996101 -0.40639999999999993</Translation>
</Transform>
</Instance>
<Instance name="Front Bellcrank mount (for sim)-2" uid="Front Bellcrank mount (for sim)-2" entityUid="Front Bellcrank mount (for sim)*:*Default">
<Transform>
<Rotation>0 -1 0 1 0 0 0 0 1</Rotation>
<Translation>-0.19684999498041456 0.05397500000000903 0.88582500000000097</Translation>
</Transform>
</Instance>
<Instance name="Suspension_Mount(For Sim)-8" uid="Suspension_Mount(For Sim)-8" grounded="true" entityUid="Suspension_Mount(For Sim)*:*Default">
<Transform>
<Rotation>-6.1756155744774323e-16 1.3951513555543468e-14 -1 -1.3951513555543468e-14 1 1.3951513555543477e-14 1 1.3951513555543477e-14 -6.1756155744754858e-16</Rotation>
<Translation>0.18096195378336524 0.063499999999999293 -0.63500000000000001</Translation>
</Transform>
</Instance>
<Instance name="Suspension_Mount(For Sim)-3" uid="Suspension_Mount(For Sim)-3" grounded="true" entityUid="Suspension_Mount(For Sim)*:*Default">
<Transform>
<Rotation>8.7263096054668531e-15 0 0.99999999999999989 1.0902737046514248e-14 0.99999999999999989 0 -1 1.0902737046514247e-14 8.7263096054668515e-15</Rotation>
<Translation>-0.21271194876378449 0.063500000000003262 0.72390000000000088</Translation>
</Transform>
</Instance>
<Instance name="Bellcrank_Basic_FirstDraft-4" uid="Bellcrank_Basic_FirstDraft-4" entityUid="Bellcrank_Basic_FirstDraft*:*Default">
<Transform>
<Rotation>0.60807083617897839 -0.79388277358096038 -8.6629183306218254e-15 0.79388277358096038 0.60807083617897839 -1.1036774280791036e-14 1.4029572970472811e-14 -1.6620106598015023e-16 1</Rotation>
<Translation>-0.25399999498042103 0.063500000000004428 0.89217500000090222</Translation>
</Transform>
</Instance>
<Instance name="Bellcrank_Basic_FirstDraft-3" uid="Bellcrank_Basic_FirstDraft-3" entityUid="Bellcrank_Basic_FirstDraft*:*Default">
<Transform>
<Rotation>-0.6080707635204724 0.79388282923340125 0 0.79388282923340125 0.6080707635204724 0 0 0 -1</Rotation>
<Translation>0.25400000501957826 0.063499999999999959 0.89852500000000046</Translation>
</Transform>
</Instance>
<Instance name="Front Bellcrank mount (for sim)-1" uid="Front Bellcrank mount (for sim)-1" entityUid="Front Bellcrank mount (for sim)*:*Default">
<Transform>
<Rotation>0 1 0 -1 0 0 0 0 0.99999999999999967</Rotation>
<Translation>0.19685000501957836 0.073024999999999979 0.88582499999999997</Translation>
</Transform>
</Instance>
<Instance name="Suspension_Mount(For Sim)-10" uid="Suspension_Mount(For Sim)-10" grounded="true" entityUid="Suspension_Mount(For Sim)*:*Default">
<Transform>
<Rotation>1.2065001775418696e-14 7.0308342481340015e-15 -1 -7.0308342481340007e-15 1 7.0308342481339163e-15 1 7.0308342481339155e-15 1.2065001775418745e-14</Rotation>
<Translation>0.25716195378336404 0.20066000000000078 -0.43180000000000007</Translation>
</Transform>
</Instance>
<Instance name="Suspension_Mount(For Sim)-12" uid="Suspension_Mount(For Sim)-12" grounded="true" entityUid="Suspension_Mount(For Sim)*:*Default">
<Transform>
<Rotation>0 0 1 0 1 0 -1 0 0</Rotation>
<Translation>-0.25716195378336576 0.20065999999999831 -0.40639999999999993</Translation>
</Transform>
</Instance>
<Instance name="Suspension_Mount(For Sim)-7" uid="Suspension_Mount(For Sim)-7" grounded="true" entityUid="Suspension_Mount(For Sim)*:*Default">
<Transform>
<Rotation>0 0 -1.0000000000000002 0 1.0000000000000002 0 1 0 0</Rotation>
<Translation>0.21271195880294252 0.063499999999999945 0.6984999999999999</Translation>
</Transform>
</Instance>
<Instance name="Suspension_Mount(For Sim)-5" uid="Suspension_Mount(For Sim)-5" grounded="true" entityUid="Suspension_Mount(For Sim)*:*Default">
<Transform>
<Rotation>0 0 -1 0 1 0 1 0 0</Rotation>
<Translation>0.25716195378336437 0.21335999999999999 0.92709999999999992</Translation>
</Transform>
</Instance>
<Instance name="Suspension_Mount(For Sim)-11" uid="Suspension_Mount(For Sim)-11" grounded="true" entityUid="Suspension_Mount(For Sim)*:*Default">
<Transform>
<Rotation>1.2065001775418696e-14 7.0308342481340015e-15 -1 -7.0308342481340007e-15 1 7.0308342481339163e-15 1 7.0308342481339155e-15 1.2065001775418745e-14</Rotation>
<Translation>0.25716195378336404 0.20065999999999906 -0.66040000000000021</Translation>
</Transform>
</Instance>
<Instance name="Suspension_Mount(For Sim)-13" uid="Suspension_Mount(For Sim)-13" grounded="true" entityUid="Suspension_Mount(For Sim)*:*Default">
<Transform>
<Rotation>0 0 1 0 1 0 -1 0 0</Rotation>
<Translation>-0.25716195378336576 0.20065999999999831 -0.63500000000000001</Translation>
</Transform>
</Instance>
<Instance name="Suspension_Mount(For Sim)-2" uid="Suspension_Mount(For Sim)-2" grounded="true" entityUid="Suspension_Mount(For Sim)*:*Default">
<Transform>
<Rotation>0 -1.0755285551056204e-16 1 0 1 1.0755285551056204e-16 -0.99999999999999989 0 0</Rotation>
<Translation>-0.25716195378336432 0.21335999999999977 0.72390000000000021</Translation>
</Transform>
</Instance>
<Instance name="Suspension_Mount(For Sim)-6" uid="Suspension_Mount(For Sim)-6" grounded="true" entityUid="Suspension_Mount(For Sim)*:*Default">
<Transform>
<Rotation>0 0 -1 0 1 0 1 0 0</Rotation>
<Translation>0.25716195378336432 0.21335999999999999 0.6984999999999999</Translation>
</Transform>
</Instance>
<Instance name="Suspension_Mount(For Sim)-14" uid="Suspension_Mount(For Sim)-14" grounded="true" entityUid="Suspension_Mount(For Sim)*:*Default">
<Transform>
<Rotation>0 0 1 0 1 0 -1 0 0</Rotation>
<Translation>-0.18096195378336477 0.063499999999998877 -0.60960000000000003</Translation>
</Transform>
</Instance>
<Instance name="Suspension_Mount(For Sim)-15" uid="Suspension_Mount(For Sim)-15" grounded="true" entityUid="Suspension_Mount(For Sim)*:*Default">
<Transform>
<Rotation>0 6.8139938136368983e-15 1 0 1 -6.8139938136368983e-15 -1 0 0</Rotation>
<Translation>-0.18096195378336388 0.063500000000001236 -0.38099999999999995</Translation>
</Transform>
</Instance>
<Instance name="Suspension_Mount(For Sim)-1" uid="Suspension_Mount(For Sim)-1" grounded="true" entityUid="Suspension_Mount(For Sim)*:*Default">
<Transform>
<Rotation>-3.4914813388431334e-15 0 1 0 1 0 -1 0 -3.4914813388431334e-15</Rotation>
<Translation>-0.25716195378336093 0.2133599999999998 0.95250000000000135</Translation>
</Transform>
</Instance>
<Instance name="Suspension_Mount(For Sim)-16" uid="Suspension_Mount(For Sim)-16" grounded="true" entityUid="Suspension_Mount(For Sim)*:*Default">
<Transform>
<Rotation>0 1.1102230246251565e-16 -1 0 1.0000000000000002 2.2204460492503131e-16 1 0 0</Rotation>
<Translation>0.21271195880294266 0.063499999999999959 0.92709999999999992</Translation>
</Transform>
</Instance>
<Instance name="Front Lower Control Arms(For Sim)-1" uid="Front Lower Control Arms(For Sim)-1" entityUid="Front Lower Control Arms(For Sim)*:*Default">
<Transform>
<Rotation>0 0.011606596570173405 -0.99993264118942393 0 -0.99993264118942393 -0.011606596570173405 -1 0 0</Rotation>
<Translation>0.22224999498042169 0.063500000000000029 0.93979999999999997</Translation>
</Transform>
</Instance>
<Instance name="Suspension_Mount(For Sim)-4" uid="Suspension_Mount(For Sim)-4" grounded="true" entityUid="Suspension_Mount(For Sim)*:*Default">
<Transform>
<Rotation>8.7263096054668294e-15 -1.0902737046514231e-14 1 1.0902737046514229e-14 1 1.0902737046514135e-14 -1 1.0902737046514133e-14 8.7263096054669477e-15</Rotation>
<Translation>-0.21271194876378788 0.063499999999996351 0.9524999999999999</Translation>
</Transform>
</Instance>
<Instance name="Front Lower Control Arms(For Sim)-2" uid="Front Lower Control Arms(For Sim)-2" entityUid="Front Lower Control Arms(For Sim)*:*Default">
<Transform>
<Rotation>0 0.011606596570175501 0.99993264118942415 7.2038385049576603e-16 0.99993264118942415 -0.011606596570175501 -1 7.1917829269465409e-16 -1.0804207658276445e-16</Rotation>
<Translation>-0.22224999498042156 0.063499999999999723 0.93980000000000008</Translation>
</Transform>
</Instance>
<Instance name="Rear Upper Control Arms(For Sim)-1" uid="Rear Upper Control Arms(For Sim)-1" entityUid="Rear Upper Control Arms(For Sim)*:*Default">
<Transform>
<Rotation>-2.6508034127587069e-16 0.26941368642150604 -0.96302454048106934 0 -0.96302454048106934 -0.26941368642150604 -1 -1.5605349593179168e-16 2.3160094502517919e-16</Rotation>
<Translation>0.26669999999999855 0.20066000000000178 -0.41909999999999997</Translation>
</Transform>
</Instance>
<Instance name="front upright (for sim)-5" uid="front upright (for sim)-5" entityUid="front upright (for sim)*:*Front right">
<Transform>
<Rotation>-0.0015568239130074111 0.016257597696929332 0.99986662451370401 0.00024433241906145111 0.99986781254345181 -0.016257236580722256 -0.99999875829971552 0.00021899017643795373 -0.001560590378587476</Rotation>
<Translation>-0.48082406857040139 0.15549709505540305 0.8953999000156927</Translation>
</Transform>
</Instance>
<Instance name="upright (for sim)-3" uid="upright (for sim)-3" entityUid="upright (for sim)*:*Rear left">
<Transform>
<Rotation>-0.0031050441926032081 -0.03856851961709519 -0.99925113359710915 -0.00011984612845344458 0.9992559578479111 -0.038568333414340739 0.99999517215707989 2.7747260095318956e-14 -0.0031073561965960974</Rotation>
<Translation>0.46693638361726741 0.15617306833429528 -0.64349787801699199</Translation>
</Transform>
</Instance>
<Instance name="Rear Lower Control Arms(For Sim)-1" uid="Rear Lower Control Arms(For Sim)-1" entityUid="Rear Lower Control Arms(For Sim)*:*Default">
<Transform>
<Rotation>-3.0714260880252314e-14 0.0090243324130082729 -0.99995927988318578 1.2371644933560693e-13 -0.99995927988318578 -0.0090243324130082729 -1 -1.2398858728734138e-13 2.9596551828199793e-14</Rotation>
<Translation>0.19050000000000047 0.063500000000010673 -0.393699999999998</Translation>
</Transform>
</Instance>
<Instance name="wheel assem (for simulation)-1" uid="wheel assem (for simulation)-1" entityUid="wheel assem (for simulation)" rigid="true">
<Transform>
<Rotation>0.99986662451370423 0.016052595413536583 0.0030078836514530467 -0.016257236580724338 0.99586450020726314 0.08938455954859495 -0.0015605903785851239 -0.089421537715626789 0.99599264713663582</Rotation>
<Translation>-0.76318055091053838 -0.0037186811177053638 0.9105413044395978</Translation>
</Transform>
<Instance name="tire wheel sub assem-1" uid="tire wheel sub assem-1" grounded="true" entityUid="tire wheel sub assem" rigid="true">
<Transform>
<Rotation>1 0 0 0 1 0 0 0 1</Rotation>
<Translation>0 0 0</Translation>
</Transform>
<Instance name="Braid wheel ET16-1" uid="Braid wheel ET16-1" grounded="true" entityUid="Braid wheel ET16*:*Front wheels">
<Transform>
<Rotation>1 0 0 0 1 0 0 0 1</Rotation>
<Translation>0 0 0</Translation>
</Transform>
<VisualProperties>
<Ambient r="1" g="1" b="1" a="1"/>
<Diffuse r="1" g="1" b="1" a="1"/>
<Specular r="0.5" g="0.5" b="0.5" a="1"/>
<Emissive r="0" g="0" b="0" a="1"/>
<Shininess>0.3125</Shininess>
</VisualProperties>
</Instance>
<Instance name="Hoosier 16x7.5-10 tire-1" uid="Hoosier 16x7.5-10 tire-1" entityUid="Hoosier 16x7.5-10 tire*:*Default">
<Transform>
<Rotation>1 0 -1.1590176773370485e-16 0 0.93060836101792765 0.36601650017933146 1.1254018550399534e-16 -0.36601650017933146 0.93060836101792765</Rotation>
<Translation>0.22542852029992677 0.16444386140391481 0</Translation>
</Transform>
</Instance>
<Instance name="Assem1^tire wheel sub assem-1" uid="Assem1^tire wheel sub assem-1" entityUid="Assem1^tire wheel sub assem" rigid="true">
<Transform>
<Rotation>1 0 0 0 1 0 0 0 1</Rotation>
<Translation>0 0 0</Translation>
</Transform>
</Instance>
<Instance name="Assem2^tire wheel sub assem-1" uid="Assem2^tire wheel sub assem-1" entityUid="Assem2^tire wheel sub assem" rigid="true">
<Transform>
<Rotation>1 0 0 0 1 0 0 0 1</Rotation>
<Translation>0 0 0</Translation>
</Transform>
</Instance>
</Instance>
<Instance name="hub (for sim)-1" uid="hub (for sim)-1" entityUid="hub (for sim)*:*Default">
<Transform>
<Rotation>0 0 1.0000000000000002 0.70710678118655101 0.70710678118654391 0 -0.70710678118654413 0.70710678118655113 0</Rotation>
<Translation>0.21625404389642677 0.16444386140391509 0</Translation>
</Transform>
</Instance>
</Instance>
<Instance name="steering link assem-1" uid="steering link assem-1" grounded="true" entityUid="steering link assem" rigid="true">
<Transform>
<Rotation>-1 0 0 0 0.99999999999999989 7.0204259072781383e-15 0 7.0204259072781383e-15 -0.99999999999999989</Rotation>
<Translation>0.070911307550866776 0.26859204274714732 0.76582681948697173</Translation>
</Transform>
<Instance name="Steering link 1-1" uid="Steering link 1-1" grounded="true" entityUid="Steering link 1*:*Default">
<Transform>
<Rotation>1 0 0 0 1 0 0 0 1</Rotation>
<Translation>0.070911307550866776 0.14082602638808145 0.21925154718178286</Translation>
</Transform>
</Instance>
<Instance name="steering link 2-1" uid="steering link 2-1" entityUid="steering link 2*:*Default">
<Transform>
<Rotation>1 0 0 0 -0.42261826174070333 -0.90630778703664827 0 0.90630778703664827 -0.42261826174070333</Rotation>
<Translation>0.070911307550866748 -0.089376151519227037 -0.048113491300355804</Translation>
</Transform>
</Instance>
<Instance name="steering Link 3-1" uid="steering Link 3-1" entityUid="steering Link 3*:*Default">
<Transform>
<Rotation>-1 0 0 0 0.25881904510252146 -0.96592582628906809 0 -0.96592582628906809 -0.25881904510252146</Rotation>
<Translation>0.070911307550866748 -0.077108893525355882 -0.04482648942755374</Translation>
</Transform>
</Instance>
<Instance name="steering rack connector-1" uid="steering rack connector-1" entityUid="steering rack connector*:*Default">
<Transform>
<Rotation>1 0 0 0 1 0 0 0 1</Rotation>
<Translation>0.070911307550866776 0.14082602638808145 0.10241154718178291</Translation>
</Transform>
</Instance>
<Instance name="steering rack-1" uid="steering rack-1" entityUid="steering rack" rigid="true">
<Transform>
<Rotation>0.99999999999999989 0 0 0 0.25881904510252135 0.96592582628906787 0 -0.96592582628906809 0.25881904510252129</Rotation>
<Translation>0.070911307550866776 -0.18138058647326077 -0.072766005346370899</Translation>
</Transform>
<Instance name="59915K273-2" uid="59915K273-2" entityUid="59915K273*:*59915K273">
<Transform>
<Rotation>0 1 0 0.9810925718640644 0 -0.193539054025681 -0.193539054025681 0 -0.9810925718640644</Rotation>
<Translation>0.16192500000000004 -0.015874999999999972 0.015874999999999959</Translation>
</Transform>
</Instance>
<Instance name="steering rack center-1" uid="steering rack center-1" entityUid="steering rack center*:*Default">
<Transform>
<Rotation>1 0 0 0 1 0 0 0 1</Rotation>
<Translation>0 0 0</Translation>
</Transform>
</Instance>
<Instance name="59915K273-1" uid="59915K273-1" entityUid="59915K273*:*59915K273">
<Transform>
<Rotation>0 -1 0 0.98109257186406451 0 0.193539054025681 -0.193539054025681 0 0.98109257186406451</Rotation>
<Translation>-0.16192500000000004 -0.015874999999999972 0.015874999999999972</Translation>
</Transform>
</Instance>
<Instance name="steering rack rod-1" uid="steering rack rod-1" entityUid="steering rack rod*:*Default">
<Transform>
<Rotation>1.1323223088937373e-16 1 0 -0.92461204120092988 1.2246455348608187e-16 -0.38091019055185432 -0.38091019055185432 0 0.92461204120092988</Rotation>
<Translation>0 -0.015874999999999972 0.015875</Translation>
</Transform>
</Instance>
</Instance>
</Instance>
<Instance name="Suspension_Mount(For Sim)-17" uid="Suspension_Mount(For Sim)-17" grounded="true" entityUid="Suspension_Mount(For Sim)*:*Default">
<Transform>
<Rotation>-6.1756155744774323e-16 1.3951513555543468e-14 -1 -1.3951513555543468e-14 1 1.3951513555543477e-14 1 1.3951513555543477e-14 -6.1756155744754858e-16</Rotation>
<Translation>0.1809619537833653 0.063499999999999626 -0.66039999999999999</Translation>
</Transform>
</Instance>
<Instance name="wheel assem (for simulation)-4" uid="wheel assem (for simulation)-4" entityUid="wheel assem (for simulation)" rigid="true">
<Transform>
<Rotation>-0.99986662451370467 -0.014627696816845955 0.0072638605028763712 -0.016257236580717024 0.9339299961772104 -0.35708607435630163 -0.0015605903784814269 -0.35715653812616976 -0.93404323873758688</Rotation>
<Translation>0.76294623508328441 0.0064660678791273671 0.95456868174000664</Translation>
</Transform>
<Instance name="tire wheel sub assem-1" uid="tire wheel sub assem-1" grounded="true" entityUid="tire wheel sub assem" rigid="true">
<Transform>
<Rotation>1 0 0 0 1 0 0 0 1</Rotation>
<Translation>0 0 0</Translation>
</Transform>
<Instance name="Braid wheel ET16-1" uid="Braid wheel ET16-1" grounded="true" entityUid="Braid wheel ET16*:*Front wheels">
<Transform>
<Rotation>1 0 0 0 1 0 0 0 1</Rotation>
<Translation>0 0 0</Translation>
</Transform>
<VisualProperties>
<Ambient r="1" g="1" b="1" a="1"/>
<Diffuse r="1" g="1" b="1" a="1"/>
<Specular r="0.5" g="0.5" b="0.5" a="1"/>
<Emissive r="0" g="0" b="0" a="1"/>
<Shininess>0.3125</Shininess>
</VisualProperties>
</Instance>
<Instance name="Hoosier 16x7.5-10 tire-1" uid="Hoosier 16x7.5-10 tire-1" entityUid="Hoosier 16x7.5-10 tire*:*Default">
<Transform>
<Rotation>1 0 -1.1145598333150986e-16 0 0.93060836101792765 0.36601650017933129 1.1058862159352145e-16 -0.36601650017933118 0.93060836101792765</Rotation>
<Translation>0.22542852029992666 0.16444386140391476 0</Translation>
</Transform>
</Instance>
<Instance name="Assem1^tire wheel sub assem-1" uid="Assem1^tire wheel sub assem-1" entityUid="Assem1^tire wheel sub assem" rigid="true">
<Transform>
<Rotation>1 0 0 0 1 0 0 0 1</Rotation>
<Translation>0 0 0</Translation>
</Transform>
</Instance>
<Instance name="Assem2^tire wheel sub assem-1" uid="Assem2^tire wheel sub assem-1" entityUid="Assem2^tire wheel sub assem" rigid="true">
<Transform>
<Rotation>1 0 0 0 1 0 0 0 1</Rotation>
<Translation>0 0 0</Translation>
</Transform>
</Instance>
</Instance>
<Instance name="hub (for sim)-1" uid="hub (for sim)-1" entityUid="hub (for sim)*:*Default">
<Transform>
<Rotation>0 0 0.99999999999999989 0.7071067811865509 0.70710678118654391 0 -0.70710678118654391 0.7071067811865509 0</Rotation>
<Translation>0.21625404389642666 0.16444386140391506 0</Translation>
</Transform>
</Instance>
</Instance>
<Instance name="Suspension_Mount(For Sim)-18" uid="Suspension_Mount(For Sim)-18" grounded="true" entityUid="Suspension_Mount(For Sim)*:*Default">
<Transform>
<Rotation>0 0 1 0 1 0 -1 0 0</Rotation>
<Translation>-0.18096195378336477 0.063499999999998877 -0.63500000000000001</Translation>
</Transform>
</Instance>
<Instance name="Rear tie rod (for sim)-2" uid="Rear tie rod (for sim)-2" entityUid="Rear tie rod (for sim)*:*Default">
<Transform>
<Rotation>0.97551235589130381 0.008576780364374802 -0.21977734719934081 -0.0088249437707000437 0.99996104856158663 -0.00014740100530856101 0.21976752232948865 0.0020833142330571037 0.97555004788630106</Rotation>
<Translation>-0.30830640959084848 0.064565850233794131 -0.67424286204438866</Translation>
</Transform>
</Instance>
<Instance name="Steering tie rod (for sim)-1" uid="Steering tie rod (for sim)-1" entityUid="Steering tie rod (for sim)*:*Default">
<Transform>
<Rotation>0.99948666072037362 -0.027027787077270996 -0.017202144277466528 -0.027672754774052139 -0.99887802921551139 -0.038430474805177951 -0.016144153283843877 0.038886777653103929 -0.99911319921143371</Rotation>
<Translation>0.30701963241789409 0.094859076651504406 0.81706278699854473</Translation>
</Transform>
</Instance>
<Instance name="wheel assem (for simulation)-3" uid="wheel assem (for simulation)-3" entityUid="wheel assem (for simulation)" rigid="true">
<Transform>
<Rotation>-0.99925113359710904 -0.032274467870888925 -0.021343165850998963 -0.038568333414340905 0.78649577125891879 0.61639020551066415 -0.0031073561965961095 0.61675178193134528 -0.78715156343742199</Rotation>
<Translation>0.75178826723060255 0.037628313969385541 -0.74404962710375677</Translation>
</Transform>
<Instance name="tire wheel sub assem-1" uid="tire wheel sub assem-1" grounded="true" entityUid="tire wheel sub assem" rigid="true">
<Transform>
<Rotation>1 0 0 0 1 0 0 0 1</Rotation>
<Translation>0 0 0</Translation>
</Transform>
<Instance name="Braid wheel ET16-1" uid="Braid wheel ET16-1" grounded="true" entityUid="Braid wheel ET16*:*Front wheels">
<Transform>
<Rotation>1 0 0 0 1 0 0 0 1</Rotation>
<Translation>0 0 0</Translation>
</Transform>
<VisualProperties>
<Ambient r="1" g="1" b="1" a="1"/>
<Diffuse r="1" g="1" b="1" a="1"/>
<Specular r="0.5" g="0.5" b="0.5" a="1"/>
<Emissive r="0" g="0" b="0" a="1"/>
<Shininess>0.3125</Shininess>
</VisualProperties>
</Instance>
<Instance name="Hoosier 16x7.5-10 tire-1" uid="Hoosier 16x7.5-10 tire-1" entityUid="Hoosier 16x7.5-10 tire*:*Default">
<Transform>
<Rotation>1 0 -1.1002563274160319e-16 0 0.93060836101792765 0.36601650017933118 1.1362438767648089e-16 -0.36601650017933118 0.93060836101792765</Rotation>
<Translation>0.22542852029992666 0.16444386140391476 0</Translation>
</Transform>
</Instance>
<Instance name="Assem1^tire wheel sub assem-1" uid="Assem1^tire wheel sub assem-1" entityUid="Assem1^tire wheel sub assem" rigid="true">
<Transform>
<Rotation>1 0 0 0 1 0 0 0 1</Rotation>
<Translation>0 0 0</Translation>
</Transform>
</Instance>
<Instance name="Assem2^tire wheel sub assem-1" uid="Assem2^tire wheel sub assem-1" entityUid="Assem2^tire wheel sub assem" rigid="true">
<Transform>
<Rotation>1 0 0 0 1 0 0 0 1</Rotation>
<Translation>0 0 0</Translation>
</Transform>
</Instance>
</Instance>
<Instance name="hub (for sim)-1" uid="hub (for sim)-1" entityUid="hub (for sim)*:*Default">
<Transform>
<Rotation>0 0 1 0.70710678118655124 0.7071067811865438 0 -0.7071067811865438 0.70710678118655113 0</Rotation>
<Translation>0.21625404389642666 0.16444386140391509 0</Translation>
</Transform>
</Instance>
</Instance>
<Instance name="Rear tie rod (for sim)-1" uid="Rear tie rod (for sim)-1" entityUid="Rear tie rod (for sim)*:*Default">
<Transform>
<Rotation>0.97551235589129903 -0.015808333010603713 0.21937579654746198 0.0088249437707309461 0.99942374304825832 0.032776549526334263 -0.21976752232950852 -0.030037949977231509 0.97508971776463427</Rotation>
<Translation>0.30830640959083366 0.064565850233805469 -0.67424286204439454</Translation>
</Transform>
</Instance>
<Instance name="Rear Upper Control Arms(For Sim)-2" uid="Rear Upper Control Arms(For Sim)-2" entityUid="Rear Upper Control Arms(For Sim)*:*Default">
<Transform>
<Rotation>0 0.2694136864215021 0.96302454048107022 0 0.96302454048107022 -0.2694136864215021 -1 0 0</Rotation>
<Translation>-0.26669999999999355 0.20066000000000853 -0.41909999999999997</Translation>
</Transform>
</Instance>
<Instance name="front upright (for sim)-6" uid="front upright (for sim)-6" entityUid="front upright (for sim)*:*Front Left">
<Transform>
<Rotation>-0.001556823912901851 -0.016257597696924152 -0.99986662451370434 -0.00024433241904435379 0.99986781254345203 -0.016257236580717125 0.99999875829971585 0.00021899017642259684 -0.001560590378481649</Rotation>
<Translation>0.48082406857049703 0.15549709505541182 0.89539990001564007</Translation>
</Transform>
</Instance>
<Instance name="Steering tie rod (for sim)-2" uid="Steering tie rod (for sim)-2" entityUid="Steering tie rod (for sim)*:*Default">
<Transform>
<Rotation>0.99948666072037362 0.021703222696740489 -0.023566611267049838 0.027672754774040735 -0.21415963370000574 0.9764066109652757 0.016144153283847197 -0.97655753615342866 -0.21465028510741035</Rotation>
<Translation>-0.30701963241789409 0.094859076651508334 0.8170627869985444</Translation>
</Transform>
</Instance>
<Instance name="Pullrod (for sim)-1" uid="Pullrod (for sim)-1" entityUid="Pullrod (for sim)*:*Default">
<Transform>
<Rotation>0.52952896636729763 0 0.84829185648453631 0.84829185648453631 0 -0.52952896636729763 0 1 0</Rotation>
<Translation>0.37075986862022126 0.14085627674880208 0.89534999999999965</Translation>
</Transform>
</Instance>
<Instance name="upright (for sim)-4" uid="upright (for sim)-4" entityUid="upright (for sim)*:*Rear Right">
<Transform>
<Rotation>-0.0031050441924234226 0.038568519617594638 0.99925113359709039 0.00011984612842119008 0.99925595784789178 -0.038568333414840297 -0.99999517215708045 8.9712890560438898e-16 -0.0031073561964152004</Rotation>
<Translation>-0.46693638361708595 0.15617306833449679 -0.64349787801707425</Translation>
</Transform>
</Instance>
<Instance name="Pushrod (for sim)-1" uid="Pushrod (for sim)-1" entityUid="Pushrod (for sim)*:*Default">
<Transform>
<Rotation>0.40468838653909833 -0.030931088775206284 0.91393138557966236 -0.91140383643826783 0.067927287117794208 0.40586811970198378 -0.074634822475761337 -0.99721068556849957 -0.00070132874925743147</Rotation>
<Translation>0.36810388909191388 0.19589723357032576 -0.63296800000000086</Translation>
</Transform>
</Instance>
<Instance name="wheel assem (for simulation)-2" uid="wheel assem (for simulation)-2" entityUid="wheel assem (for simulation)" rigid="true">
<Transform>
<Rotation>0.99925113359709061 -0.014877714736916311 0.035718701112115468 -0.038568333414840422 -0.30884108682513289 0.95033134576645029 -0.0031073561964152022 -0.95099728532361083 -0.30918361477379569</Rotation>
<Translation>-0.74403438024877855 0.21774973645077444 -0.48624291677216869</Translation>
</Transform>
<Instance name="tire wheel sub assem-1" uid="tire wheel sub assem-1" grounded="true" entityUid="tire wheel sub assem" rigid="true">
<Transform>
<Rotation>1 0 0 0 1 0 0 0 1</Rotation>
<Translation>0 0 0</Translation>
</Transform>
<Instance name="Braid wheel ET16-1" uid="Braid wheel ET16-1" grounded="true" entityUid="Braid wheel ET16*:*Front wheels">
<Transform>
<Rotation>1 0 0 0 1 0 0 0 1</Rotation>
<Translation>0 0 0</Translation>
</Transform>
<VisualProperties>
<Ambient r="1" g="1" b="1" a="1"/>
<Diffuse r="1" g="1" b="1" a="1"/>
<Specular r="0.5" g="0.5" b="0.5" a="1"/>
<Emissive r="0" g="0" b="0" a="1"/>
<Shininess>0.3125</Shininess>
</VisualProperties>
</Instance>
<Instance name="Hoosier 16x7.5-10 tire-1" uid="Hoosier 16x7.5-10 tire-1" entityUid="Hoosier 16x7.5-10 tire*:*Default">
<Transform>
<Rotation>1 0 -1.0613754657164122e-16 0 0.93060836101792743 0.36601650017933152 1.0603497246908231e-16 -0.36601650017933152 0.93060836101792743</Rotation>
<Translation>0.22542852029992677 0.16444386140391481 0</Translation>
</Transform>
</Instance>
<Instance name="Assem1^tire wheel sub assem-1" uid="Assem1^tire wheel sub assem-1" entityUid="Assem1^tire wheel sub assem" rigid="true">
<Transform>
<Rotation>1 0 0 0 1 0 0 0 1</Rotation>
<Translation>0 0 0</Translation>
</Transform>
</Instance>
<Instance name="Assem2^tire wheel sub assem-1" uid="Assem2^tire wheel sub assem-1" entityUid="Assem2^tire wheel sub assem" rigid="true">
<Transform>
<Rotation>1 0 0 0 1 0 0 0 1</Rotation>
<Translation>0 0 0</Translation>
</Transform>
</Instance>
</Instance>
<Instance name="hub (for sim)-1" uid="hub (for sim)-1" entityUid="hub (for sim)*:*Default">
<Transform>
<Rotation>0 0 1 0.70710678118655079 0.70710678118654391 0 -0.70710678118654413 0.70710678118655101 0</Rotation>
<Translation>0.21625404389642677 0.16444386140391504 0</Translation>
</Transform>
</Instance>
</Instance>
<Instance name="Rear Lower Control Arms(For Sim)-2" uid="Rear Lower Control Arms(For Sim)-2" entityUid="Rear Lower Control Arms(For Sim)*:*Default">
<Transform>
<Rotation>-1.2379551704060205e-16 0.0090243324131988392 0.99995927988318434 6.7568180962993148e-16 0.99995927988318423 -0.0090243324131988462 -1 6.7562418861282415e-16 -1.9104931193167418e-16</Rotation>
<Translation>-0.19050000000000034 0.063499999999999196 -0.39369999999999994</Translation>
</Transform>
</Instance>
<Instance name="Pushrod (for sim)-2" uid="Pushrod (for sim)-2" entityUid="Pushrod (for sim)*:*Default">
<Transform>
<Rotation>0.40468838653914024 -0.030049080968946307 0.91396081017364705 0.91140383643825185 -0.068318940255744851 -0.40580237718373252 0.074634822475730389 0.99721089802270702 -0.00026103402561997017</Rotation>
<Translation>-0.36810388909191155 0.19589723357033256 -0.63296800000000186</Translation>
</Transform>
</Instance>
<Instance name="Steering_wheel-1" uid="Steering_wheel-1" grounded="true" entityUid="Steering_wheel*:*Default">
<Transform>
<Rotation>0.99998565374196002 0.0053565203504484888 0 -0.0053565203504484888 0.99998565374196002 -7.0248787397800365e-15 0 7.0247903147051911e-15 1</Rotation>
<Translation>9.5086420417360082e-05 0.42716934236152138 0.52498527230518999</Translation>
</Transform>
</Instance>
<Instance name="Pullrod (for sim)-2" uid="Pullrod (for sim)-2" entityUid="Pullrod (for sim)*:*Default">
<Transform>
<Rotation>0.52952899817576449 8.7865129757089638e-15 0.84829183662874585 -0.84829183662874585 1.0729681268654026e-14 0.52952899817576449 -4.4491876163420548e-15 -1 1.3135204602662098e-14</Rotation>
<Translation>-0.37075986476527972 0.14085627915517107 0.89534999999999942</Translation>
</Transform>
</Instance>
<Instance name="Cylander-2" uid="Cylander-2" entityUid="Cylander*:*Default">
<Transform>
<Rotation>0 -0.29815802792656104 -0.95451652179673896 0 -0.95451652179673896 0.29815802792656104 -1 0 0</Rotation>
<Translation>-0.015586179913409286 0.31939330347733347 -0.62229999999999985</Translation>
</Transform>
</Instance>
<Instance name="Cylander-4" uid="Cylander-4" entityUid="Cylander*:*Default">
<Transform>
<Rotation>7.9404720634065434e-15 -0.065754015241149766 -0.99783586299534599 -5.2325030643000013e-16 -0.99783586299534599 0.065754015241149766 -1 0 -7.9576936026036373e-15</Rotation>
<Translation>-0.015861257730029731 0.098716373559270085 0.89534999999999931</Translation>
</Transform>
</Instance>
<Instance name="Cylander-3" uid="Cylander-3" entityUid="Cylander*:*Default">
<Transform>
<Rotation>0 -0.065754012646895343 0.99783586316629846 0 0.99783586316629846 0.065754012646895343 -1 0 0</Rotation>
<Translation>0.015861257731106047 0.09871637354279604 0.89534999999999942</Translation>
</Transform>
</Instance>
<Instance name="Cylander-1" uid="Cylander-1" entityUid="Cylander*:*Default">
<Transform>
<Rotation>0 -0.29815802792659363 0.95451652179672852 0 0.95451652179672852 0.29815802792659363 -1 0 0</Rotation>
<Translation>0.015586179913400182 0.31939330347733402 -0.62229999999999985</Translation>
</Transform>
</Instance>
<Instance name="Piston-1" uid="Piston-1" entityUid="Piston*:*Default">
<Transform>
<Rotation>0 -0.29815802792659363 -0.95451652179672886 0 0.95451652179672886 -0.29815802792659363 1 0 0</Rotation>
<Translation>0.23378935778798143 0.38755244762702079 -0.62229999999999985</Translation>
</Transform>
</Instance>
<Instance name="Piston-2" uid="Piston-2" entityUid="Piston*:*Default">
<Transform>
<Rotation>0 0.29815802792656088 0.95451652179673885 0 0.95451652179673885 -0.29815802792656088 -1 0 0</Rotation>
<Translation>-0.23378935778799548 0.3875524476270138 -0.62229999999999985</Translation>
</Transform>
</Instance>
<Instance name="Piston-3" uid="Piston-3" entityUid="Piston*:*Default">
<Transform>
<Rotation>0 -0.065754012646895219 -0.99783586316629858 1.8002080688797855e-16 0.99783586316629858 -0.065754012646895219 1 -1.8041124150163007e-16 0</Rotation>
<Translation>0.24396632449747319 0.11374772689321866 0.89534999999999942</Translation>
</Transform>
</Instance>
<Instance name="steering wheel mount-1" uid="steering wheel mount-1" entityUid="steering wheel mount*:*Default&lt;As Machined&gt;">
<Transform>
<Rotation>1 0 0 0 1 0 0 0 1</Rotation>
<Translation>0 0.40941806913523415 0.62531527230518691</Translation>
</Transform>
</Instance>
<Instance name="Piston-4" uid="Piston-4" entityUid="Piston*:*Default">
<Transform>
<Rotation>8.7106106558963018e-15 0.065754015241149877 0.99783586299534577 1.1163821642629638e-14 0.99783586299534577 -0.065754015241149877 -1 1.1712419228926723e-14 7.9576936026037935e-15</Rotation>
<Translation>-0.24396630982237591 0.11374772653834545 0.89534999999999731</Translation>
</Transform>
</Instance>
</InstanceTree>
<Constraints>
<Concentric name="Concentric4">
<ConstraintGeometry geomType="cylinder">
<InstancePath>
<Uid>Bellcrank_Basic_FirstDraft-1</Uid>
</InstancePath>
<Position>0 0 0.0063499999999999668</Position>
<Axis>0 0 -1.0000000000000002</Axis>
</ConstraintGeometry>
<ConstraintGeometry geomType="cylinder">
<InstancePath>
<Uid>Bellcrank mount (for sim)-1</Uid>
</InstancePath>
<Position>0.0095249999999999779 0.069849999999999968 0.019050000000000011</Position>
<Axis>0 0 -1</Axis>
</ConstraintGeometry>
</Concentric>
<Concentric name="Concentric6">
<ConstraintGeometry geomType="circle">
<InstancePath>
<Uid>Bellcrank mount (for sim)-2</Uid>
</InstancePath>
<Position>0.0095249999999999831 0.069849999999999968 0.019050000000000011</Position>
<Axis>0 0 0.99999999999999989</Axis>
</ConstraintGeometry>
<ConstraintGeometry geomType="circle">
<InstancePath>
<Uid>Bellcrank_Basic_FirstDraft-2</Uid>
</InstancePath>
<Position>0 0 0</Position>
<Axis>0 0 0.99999999999999989</Axis>
</ConstraintGeometry>
</Concentric>
<Concentric name="Concentric11">
<ConstraintGeometry geomType="cylinder">
<InstancePath>
<Uid>Hawk 23RR Frame v9-1</Uid>
</InstancePath>
<Position>0.19685000501957833 0.063499999999999973 0.93980000000000019</Position>
<Axis>0 0 -1</Axis>
</ConstraintGeometry>
<ConstraintGeometry geomType="cylinder">
<InstancePath>
<Uid>Front Bellcrank mount (for sim)-1</Uid>
</InstancePath>
<Position>0.0095249999999999918 0 0.019050000000000011</Position>
<Axis>0 0 -0.99999999999999967</Axis>
</ConstraintGeometry>
</Concentric>
<Coincident name="Coincident22">
<ConstraintGeometry geomType="plane">
<InstancePath>
<Uid>Hawk 23RR Frame v9-1</Uid>
</InstancePath>
<Position>0 0 0.89534999999999998</Position>
<Axis>0 0 1</Axis>
</ConstraintGeometry>
<ConstraintGeometry geomType="point">
<InstancePath>
<Uid>Front Bellcrank mount (for sim)-1</Uid>
</InstancePath>
<Position>0.019049999999999997 0.021100260412630079 0.0095250000000000057</Position>
</ConstraintGeometry>
</Coincident>
<Concentric name="Concentric12">
<ConstraintGeometry geomType="cylinder">
<InstancePath>
<Uid>Bellcrank_Basic_FirstDraft-3</Uid>
</InstancePath>
<Position>0 0 0.0063499999999999668</Position>
<Axis>0 0 -1</Axis>
</ConstraintGeometry>
<ConstraintGeometry geomType="cylinder">
<InstancePath>
<Uid>Front Bellcrank mount (for sim)-1</Uid>
</InstancePath>
<Position>0.0095250000000000057 0.057150000000000006 0.019050000000000011</Position>
<Axis>0 0 -0.99999999999999967</Axis>
</ConstraintGeometry>
</Concentric>
<Parallel name="Parallel7">
<ConstraintGeometry geomType="plane">
<InstancePath>
<Uid>Hawk 23RR Frame v9-1</Uid>
</InstancePath>
<Position>0 0 0</Position>
<Axis>0 1 0</Axis>
</ConstraintGeometry>
<ConstraintGeometry geomType="plane">
<InstancePath>
<Uid>Front Bellcrank mount (for sim)-1</Uid>
</InstancePath>
<Position>0 0 0.019050000000000011</Position>
<Axis>-1 0 0</Axis>
</ConstraintGeometry>
</Parallel>
<Concentric name="Concentric13">
<ConstraintGeometry geomType="cylinder">
<InstancePath>
<Uid>Hawk 23RR Frame v9-1</Uid>
</InstancePath>
<Position>-0.19684999498042277 0.06349999999999878 0.93979999999999997</Position>
<Axis>8.7267432863358236e-15 1.0903387567817721e-14 -1</Axis>
</ConstraintGeometry>
<ConstraintGeometry geomType="cylinder">
<InstancePath>
<Uid>Front Bellcrank mount (for sim)-2</Uid>
</InstancePath>
<Position>0.0095249999999999918 0 0.019050000000000011</Position>
<Axis>0 0 -1</Axis>
</ConstraintGeometry>
</Concentric>
<Coincident name="Coincident24">
<ConstraintGeometry geomType="plane">
<InstancePath>
<Uid>Hawk 23RR Frame v9-1</Uid>
</InstancePath>
<Position>0 0 0.89534999999999998</Position>
<Axis>0 0 1</Axis>
</ConstraintGeometry>
<ConstraintGeometry geomType="point">
<InstancePath>
<Uid>Front Bellcrank mount (for sim)-2</Uid>
</InstancePath>
<Position>0.019049999999999997 0.021100260412630079 0.0095250000000000057</Position>
